(10397,44.141462930141145)
(13930,38.12486352529001)
(11298,34.99224117996726)
(11292,27.379238765164146)
(11057,26.953998761697108)
(12892,24.62994540041618)
(12266,20.554382357440307)
(14107,20.528082034868092)
(14771,19.124398236060628)
(12953,18.63916503065792)
(13487,18.572231239873865)
(12889,18.23781152902987)
(11433,17.879841197637198)
(13204,16.390799760450836)
(11278,15.972782277507966)
(10721,15.123869395068402)
(14747,15.12209643091879)
(14869,14.228748128570498)
(11618,14.192501398348954)
(12478,14.087208245541595)
(14100,12.425756110210996)
(11697,11.986012544299463)
(13303,10.70171246681679)
(10821,10.413013096329472)
(14679,10.163211709015176)
(15304,8.917824320893407)
(13232,8.589787688229483)
(11259,8.385628969745317)
(10693,8.331852205164122)
(12264,7.312160272283339)
(15016,7.212681361931619)
(12191,6.794802151443415)
(10423,6.712869211908727)
(14831,6.680191132345538)
(14057,6.619530681835383)
(14492,6.405322656169034)
(13495,6.195453362227856)
(12173,6.102303526368389)
(13198,6.080776149368688)
(13796,5.763363224358199)
(14893,5.477809096315624)
(14122,5.376973971597137)
(12339,5.3258033051104)
(11042,5.287036760414835)
(14635,5.248467485539588)
(11193,5.138630314305906)
(11066,5.00271610255552)
(14908,4.736130498681135)
(14683,4.481216454731487)
(10299,3.7511241661294994)
(12451,3.7053459986244763)
(13342,3.4757874298261138)
(14027,3.3997010091304767)
(10529,3.2887367081652417)
(10800,3.278269580002582)
(14843,3.1683090585432634)
(13830,3.1360006778200575)
(13871,2.9119130218182434)
(13244,2.736673215317473)
(14524,2.719766179319998)
(13931,2.687527504259992)
(13851,2.6824237035347482)
(10792,2.6357912133124795)
(15376,2.5717140078786977)
(14730,2.5442673641744755)
(10140,2.4553041899773436)
(10994,2.371332159394862)
(13891,2.359351454588163)
(10713,2.303086433582148)
(11986,2.2591927469728543)
(14570,2.205207206548371)
(15370,2.0597336999844713)
(11423,2.032060391966424)
(10599,2.027807984431484)
(15412,2.0032797490121945)
(14262,1.9497794466216403)
(11540,1.931341195731345)
(14307,1.9172364494591503)
(14761,1.900988834269338)
(12758,1.8541835524702233)
(11995,1.791066627547973)
(12954,1.758000581692749)
(12982,1.7541492646798034)
(11996,1.7534775245582483)
(14685,1.6775300086562626)
(15096,1.6611939972602006)
(14576,1.620768784729799)
(11267,1.5838304008479016)
(15919,1.5833086722387955)
(12992,1.5484911995971062)
(13485,1.545617531417737)
(11638,1.4603580908326088)
(10257,1.4486953947967232)
(11884,1.4282731586119353)
(12523,1.403890979199569)
(10372,1.401001548578215)
(12197,1.3585516105576272)
(14193,1.3489302927841114)
(14112,1.327555541290512)
(10466,1.2992259645052617)
(12278,1.268744901528698)
(12945,1.2479466378520723)
(11003,1.1880048655026008)
(10980,1.1875489212728711)
(11109,1.1253624576699757)
(13158,1.1154441276124223)
(12217,1.1024648938844241)
(14321,1.0935594585862858)
(14783,1.0933472307359733)
(10785,1.0879887395086687)
(14082,1.0468323552747485)
(14986,1.041051129565625)
(12448,1.0352685779615352)
(10431,1.0322440981891146)
(11630,1.0223975654704551)
(11775,1.0188939711028118)
(11823,0.9823517457656821)
(10781,0.9816016228699511)
(10868,0.9772118926278474)
(14696,0.965894740695488)
(10849,0.9585988740759324)
(13296,0.9416074924503242)
(13577,0.907025883633634)
(14689,0.8914292717130169)
(12896,0.8780427141658687)
(12323,0.8744272844882596)
(10874,0.8638233220927116)
(13230,0.8613065486808793)
(11624,0.8563395849030581)
(14814,0.8515996778024323)
(12402,0.8508323893726886)
(15624,0.8435743822473001)
(15249,0.8016132835309283)
(11503,0.7995523579166474)
(11637,0.798370269028807)
(12819,0.7803969035925828)
(10990,0.7712280729368948)
(13367,0.766921348181823)
(12391,0.7596425342980757)
(11481,0.7483402515701084)
(11140,0.7467272692637502)
(13422,0.7358213174057316)
(10408,0.7238917676862208)
(10279,0.7199299347682765)
(12441,0.7167071501289148)
(12951,0.7163202856611595)
(13256,0.7135944567943956)
(14698,0.697644568996428)
(14108,0.6863632890432366)
(12016,0.6611176531090995)
(10135,0.6582023960046129)
(11973,0.6454841016008595)
(11977,0.6421973255779576)
(13476,0.6325929007166121)
(11612,0.6297100830268291)
(11953,0.6213123619396698)
(13264,0.6112972495893971)
(15024,0.6033985618280837)
(10208,0.6011806638043447)
(11146,0.5956979558196188)
(10627,0.5920567859419346)
(11721,0.5875211634419473)
(12206,0.5843345269111745)
(11603,0.5766647421952479)
(14633,0.5738464476691056)
(14794,0.5733486232985605)
(14457,0.5507404355207922)
