(13277,0.5475361403352302)
(11921,0.5463461576084316)
(10158,0.5422816814011563)
(10620,0.533883729586642)
(14256,0.5191256551550465)
(15841,0.514229671222214)
(14489,0.5120452026040697)
(14828,0.5109294484192637)
(11641,0.5001384444935135)
(12884,0.4990392339411145)
(12094,0.4986532475325247)
(11982,0.49779397922450275)
(10185,0.4974835472851099)
(13795,0.49719303166571827)
(13241,0.4937087228813498)
(11252,0.49304390267654397)
(14955,0.4846673230810491)
(10685,0.48465360784055056)
(15991,0.48234884048193316)
(11413,0.47972751887820797)
(10434,0.4692275580919304)
(15380,0.4665166454301124)
(13377,0.46609279741802023)
(13486,0.461192057247253)
(12255,0.4549505405008992)
(10926,0.44665175312183336)
(14574,0.44597646880349406)
(13502,0.436343436465334)
(13360,0.42987542489002417)
(11067,0.4296614224232551)
(14006,0.42463657691321155)
(11648,0.42450621253378573)
(12519,0.42271573371298155)
(10666,0.419094253773749)
(10581,0.4186132845588537)
(15041,0.41639360296524786)
(11203,0.4159703336135919)
(15356,0.4148875540072434)
(13061,0.41484036400224056)
(13184,0.4142164545758491)
(11111,0.41016886988876045)
(10747,0.40854721481615)
(15295,0.4069736700657002)
(11337,0.4024699010234727)
(11898,0.4019606920398938)
(10754,0.40152278483466775)
(10732,0.40117727772568446)
(11049,0.39942201204253613)
(15323,0.39375701320447043)
(11617,0.39115096492052526)
(14877,0.3908083693824983)
(10136,0.39056684873286496)
(10561,0.3901076846118473)
(11447,0.3888282673182569)
(11778,0.3816673014312294)
(12915,0.3810253931828213)
(14709,0.3764305910382705)
(10967,0.3714299034281536)
(13873,0.36996944054015457)
(13433,0.3673153992764481)
(13076,0.3612885484792596)
(14252,0.3580946064371641)
(10469,0.3541825752189357)
(12280,0.35153795020395895)
(15023,0.35106232301975404)
(14288,0.35036733729936365)
(13290,0.34369052607660483)
(14842,0.34103837987609886)
(14109,0.3374154702690034)
(14952,0.33626190348843965)
(10551,0.33488998212634713)
(15070,0.32892307668351667)
(13970,0.3274098959601984)
(12003,0.32716700807518323)
(14150,0.3244299868483141)
(13029,0.3224746776904356)
(10157,0.32122913941530123)
(14025,0.3188322614015913)
(10155,0.31415149678242577)
(15411,0.31415149678242577)
(15048,0.3098984533392888)
(14674,0.30883817813693587)
(12156,0.3070750406498596)
(14098,0.30518824833445135)
(11695,0.3039455923031352)
(11308,0.302824569030169)
(16218,0.30131404371675685)
(14588,0.3012660585009487)
(11980,0.29932330389219264)
(12891,0.2985854065702993)
(12902,0.2918240733901005)
(10170,0.28998812932423423)
(12544,0.28427697387414474)
(14113,0.2828602052423569)
(10333,0.27921772368186715)
(13459,0.2791445239139086)
(15389,0.27714578781257815)
(14487,0.276976085047346)
(14960,0.27452872169701287)
(13388,0.2743730582135262)
(14711,0.27351069730102934)
(15401,0.27311362258681954)
(11274,0.27269094540663896)
(13933,0.26978086625422526)
(10676,0.2680032752784296)
(12124,0.26644777700586875)
(15607,0.2656151087445626)
(10728,0.2646230279256596)
(15027,0.2638046280198514)
(10146,0.26162838085681905)
(10731,0.26162838085681905)
(11150,0.26029947156090455)
(12007,0.26029947156090455)
(12898,0.25475767726302523)
(11577,0.2546338494342348)
(14512,0.25316600904913944)
(11027,0.24965843754429257)
(11122,0.24691256287900898)
(14314,0.24656518668891583)
(12397,0.2461593184395663)
(15454,0.24427476363074152)
(12389,0.2425067527799752)
(13127,0.2414306788764607)
(12244,0.23927494246118822)
(15074,0.23915124394217974)
(14520,0.238409425810403)
(10631,0.238409425810403)
(10141,0.238409425810403)
(12511,0.2377361448319864)
(11867,0.2377361448319864)
(12265,0.2373493282993735)
(11415,0.23632104572179308)
(14543,0.2361706247468563)
(11471,0.23452042905790693)
(13344,0.23452042905790693)
(11076,0.23452042905790693)
(10577,0.23398243178274103)
(11905,0.23349084750140642)
(11097,0.2333909271743771)
(14237,0.23337036408365397)
(12917,0.23332953377098217)
(10779,0.23285905273179247)
(11525,0.23285905273179247)
(11865,0.23200107838813744)
(12335,0.2313772646778901)
(11013,0.2313772646778901)
(14254,0.23078702755690866)
(10361,0.2301057757641237)
(14716,0.22791156088787562)
(14802,0.2276393620258333)
(10918,0.2271446353020137)
(10739,0.22700175796389938)
(12129,0.22700175796389938)
(12177,0.22677992059894977)
(12343,0.22557579948308643)
(11468,0.22505183445693938)
(12899,0.22505183445693938)
(12888,0.22505183445693938)
(10558,0.22505183445693938)
(11587,0.2243451035453773)
(15582,0.22366198567069973)
(10268,0.22361456724398346)
(11092,0.22227213688446013)
(13121,0.21992065473800743)
(11537,0.2161533943596084)
(13139,0.21484023946917696)
(14259,0.212221789524773)
(12012,0.2117165165941344)
(12223,0.19620469554282863)
(11233,0.1938680724159932)
(15008,0.19285861613815547)
(13964,0.1910026941298721)
(13832,0.1751422563164825)
(12119,0.17426088876601398)
(10165,0.17377156913053032)
(14905,0.17222602248270524)
(13983,0.17183479988941255)
(13829,0.17038538505028564)
(14222,0.16624823941422834)
